100
-0.390945 -0.253648 -0.693646
-0.209112 -0.788946 0.806259
-0.244454 -0.630994 0.222520
-0.018572 -0.013369 -0.968680
-0.795680 0.213003 0.469272
-0.129410 -0.758468 -0.841533
-0.874140 0.376690 0.073802
0.972439 0.805720 0.540446
0.639408 0.517936 -0.085539
0.041984 -0.567641 0.525445
-0.627868 -0.626682 -0.682663
-0.390540 -0.910843 0.614556
-0.093783 0.383537 0.689436
-0.340680 -0.130823 -0.818663
0.585048 0.368079 0.830095
-0.524509 -0.227004 -0.694724
0.805901 0.617765 0.547100
-0.014319 0.920549 -0.620875
-0.948211 -0.705225 -0.308715
0.598218 -0.846279 -0.971523
0.866325 -0.425606 -0.320275
0.878305 -0.543165 0.731280
-0.551634 0.122239 -0.418976
-0.809045 -0.222236 -0.835483
-0.669562 -0.568575 0.902713
0.640050 -0.124511 0.619277
0.004342 -0.336516 0.701013
0.193722 -0.674728 -0.456951
-0.551709 -0.026097 0.762519
0.220608 0.452412 0.698366
-0.984362 -0.830217 -0.733272
0.275721 -0.381809 0.669618
0.893837 -0.663012 -0.430258
0.929187 0.540413 0.857103
-0.721998 0.609023 0.199136
0.082503 -0.118703 -0.543592
-0.500554 -0.347211 0.659898
0.919482 0.094603 0.864206
-0.336649 0.410775 -0.994273
0.032443 0.941984 -0.214181
-0.328830 0.445457 0.371844
0.325111 0.235720 -0.881337
-0.460650 -0.230771 -0.525362
-0.930396 0.274761 -0.467282
-0.388081 0.830520 0.556153
-0.569780 0.964451 -0.647045
-0.503215 0.297412 -0.720650
-0.435641 0.552125 0.155869
-0.341545 0.034978 0.636255
0.263576 -0.400496 -0.873924
-0.432517 -0.689693 0.525743
0.097252 0.257235 0.200841
-0.659993 -0.858351 -0.422616
0.553212 -0.617077 0.950776
-0.666821 0.929519 0.154664
-0.155741 -0.279532 -0.726886
-0.541045 -0.541962 0.957706
0.222851 0.459064 0.493044
0.025348 0.623475 0.178610
-0.759422 0.186110 -0.718520
-0.688227 0.173035 0.649013
-0.216700 0.694449 0.542953
-0.972530 -0.154074 0.896830
-0.865882 -0.708373 0.356959
-0.741257 0.202092 0.727488
0.964848 -0.359001 0.269442
0.652869 0.249336 -0.199819
-0.974141 -0.180387 0.625854
-0.427451 -0.971566 0.629372
0.911110 0.797895 -0.478867
-0.865690 0.675552 0.929710
0.366356 0.734283 0.529405
0.387733 0.478012 0.031460
-0.933848 0.510250 -0.630657
-0.441093 0.965525 -0.582941
0.219504 -0.735712 -0.541959
-0.387027 0.525647 -0.816564
-0.418526 0.667827 0.209249
-0.504858 0.628997 -0.337728
-0.234295 0.857608 -0.370971
-0.126532 -0.250294 -0.417554
-0.095219 -0.958002 0.881987
-0.606688 0.059193 0.489544
0.206382 0.132974 0.104455
-0.975392 0.750054 0.938282
0.498338 0.585213 0.263634
0.450925 0.285074 0.861187
-0.571254 -0.097008 0.039436
-1.010648 -0.655652 0.887168
-0.830783 0.554990 0.148806
-0.169736 -0.961859 0.291496
0.772313 0.524162 -0.166129
0.001199 0.259918 -0.742469
0.281014 0.447398 -0.913083
-0.619791 -0.259713 0.763154
-0.192184 -0.902064 -0.207704
-0.064109 -0.357203 0.952066
0.876370 0.603648 -0.897100
-0.824621 -0.587793 -0.818184
0.535244 -0.763384 -0.909095
