100
0.891472 0.164805 -0.955314
0.809038 -0.917668 0.198116
0.900167 -0.474560 -0.255627
0.852279 0.679822 -0.897447
-0.061554 -0.674927 -0.567396
1.462851 0.214494 -0.813023
-0.044407 -0.394357 -0.903964
-0.293255 0.621115 0.731754
0.123039 0.726665 0.099793
0.809097 -0.491692 0.203452
1.192926 -0.131155 -1.090970
0.993202 -0.951571 -0.044605
-0.168530 -0.315542 0.074971
0.847547 0.344356 -1.046240
-0.081948 0.052107 0.670425
0.841575 0.114205 -1.096014
-0.161038 0.474140 0.618961
-0.119751 0.820865 -0.786561
1.038907 -0.611916 -1.096341
1.716085 0.731287 -0.342688
1.124265 0.645839 0.251174
0.832298 -0.081293 0.955536
0.442408 0.017335 -0.967022
0.847352 0.000271 -1.385553
0.535181 -1.178774 -0.109779
0.467348 -0.010067 0.632341
0.518452 -0.555805 0.259907
1.275175 0.213775 -0.329232
0.130129 -0.783844 -0.176465
-0.166791 -0.070545 0.301661
1.316648 -0.412634 -1.353849
0.606552 -0.367068 0.423828
1.368911 0.624917 0.245115
-0.193887 0.292195 0.933718
-0.279933 -0.279192 -0.765136
0.804966 0.429169 -0.534185
0.450879 -0.835961 -0.162066
0.212349 0.107564 0.997032
0.417951 0.674364 -1.190164
-0.312481 0.589021 -0.479724
-0.121688 -0.214579 -0.306769
0.637287 0.953640 -0.618865
0.821740 0.027142 -0.919133
0.250653 -0.094283 -1.277081
-0.570891 -0.202971 -0.293967
-0.259160 0.499580 -1.222150
0.398977 0.314432 -1.119246
-0.200709 -0.095603 -0.543558
0.129142 -0.582392 -0.110384
1.234782 0.634074 -0.586755
0.823509 -0.811335 -0.138905
0.187958 0.080826 -0.093637
1.285037 -0.420406 -0.900434
0.801948 -0.450514 0.813595
-0.531444 -0.093548 -0.763167
0.995463 0.323762 -0.803779
0.470887 -1.138835 0.023181
-0.107263 0.081053 0.174508
-0.174405 0.200542 -0.198951
0.459629 0.113366 -1.337517
-0.033295 -0.742887 -0.364665
-0.420594 -0.171931 -0.151170
0.110108 -1.208862 -0.362297
0.836565 -1.024992 -0.607595
-0.118826 -0.805765 -0.353701
0.869614 0.368124 0.684688
0.440130 0.712192 0.070918
0.240290 -1.042213 -0.560852
1.016407 -1.014421 -0.052200
0.097433 1.277945 0.045402
-0.636162 -0.838280 -0.410838
-0.321169 0.234910 0.282842
0.101430 0.469194 0.014662
0.117664 0.077075 -1.464952
-0.268332 0.549733 -1.102880
1.376281 0.270486 -0.345013
0.220909 0.562012 -1.116908
-0.286204 -0.055884 -0.507191
-0.055982 0.210019 -0.940920
-0.203870 0.496085 -0.788243
0.849596 0.158882 -0.610943
1.012071 -0.950827 0.381258
0.130640 -0.615347 -0.396846
0.365915 0.149899 -0.062392
-0.723044 -0.875811 -0.455569
-0.065262 0.430453 0.224190
-0.040891 -0.102308 0.587432
0.444330 -0.388311 -0.649969
0.564429 -1.393917 -0.365897
-0.224104 -0.341029 -0.857896
1.226559 -0.624932 -0.068242
0.196959 0.847497 0.144423
0.506330 0.664479 -0.749120
0.444183 1.012243 -0.694046
0.308319 -0.937891 -0.168803
1.318222 -0.288644 -0.442094
0.440013 -0.749676 0.372678
0.402528 1.469447 -0.241091
1.163921 -0.152044 -1.331625
1.605365 0.700907 -0.349552

